Arbre2.png;180;385;34;1.8;1.8
Arbre2.png;200;380;118;1.8;1.8
Arbre2.png;220;381;202;1.8;1.8
Arbre2.png;260;381;288;1.8;1.8
Arbre2.png;260;446;365;1.8;1.8
Arbre2.png;350;520;416;1.8;1.8
Arbre2.png;60;613;442;1.8;1.8
Arbre2.png;210;706;480;1.8;1.8
Arbre2.png;270;724;567;1.8;1.8
Arbre2.png;330;720;648;1.8;1.8
Arbre2.png;30;622;656;2.3;2.3
Arbre2.png;70;619;551;2.3;2.3
Arbre2.png;170;298;257;2.3;2.3
Arbre2.png;190;292;159;2.3;2.3
Arbre2.png;220;281;73;2.3;2.3
Arbre2.png;220;336;62;2.3;2.3
Arbre2.png;220;318;337;2.3;2.3
Arbre2.png;270;209;313;2.3;2.3
Arbre2.png;310;187;220;2.3;2.3
Arbre2.png;340;201;118;2.3;2.3
Arbre2.png;350;193;26;2.3;2.3
Arbre2.png;10;77;52;2.3;2.3
Arbre2.png;30;114;129;2.3;2.3
Arbre2.png;60;102;229;2.3;2.3
Arbre2.png;80;105;317;2.3;2.3
Arbre2.png;80;122;387;2.3;2.3
Arbre2.png;110;55;468;2.3;2.3
Arbre2.png;120;5;395;2.8;2.8
Arbre2.png;120;9;300;2.8;2.8
Arbre2.png;120;10;214;2.8;2.8
Arbre2.png;120;30;122;2.8;2.8
Arbre2.png;180;523;668;2.6;2.6
Arbre2.png;180;402;666;2.6;2.6
Arbre2.png;180;240;663;2.6;2.6
Arbre2.png;180;138;663;2.1;2.1
Arbre2.png;180;66;670;2.1;2.1
Arbre2.png;180;31;571;2.1;2.1
Arbre2.png;180;137;762;2.1;2.1
Arbre2.png;180;325;796;2.1;2.1
Arbre2.png;180;581;799;2.1;2.1
Arbre2.png;180;560;347;2.1;2.1
Wood3.png;0;464;259;1;1
Wood4.png;0;464;195;1;1
Wood4.png;0;464;134;1;1
Wood4.png;0;463;79;1;1
Wood4.png;0;463;16;1;1
Arbre2.png;0;309;699;2.3;2.3
Arbre2.png;0;224;790;2.5;2.5
Arbre2.png;0;367;322;2.5;2.5
Arbre2.png;0;525;344;-2.2;2.2
Arbre2.png;0;556;481;-1.6;1.6
Tilemap_27.png;0;260;411;-0.5;0.5
Tilemap_27.png;0;235;416;-0.5;0.5
Tilemap_27.png;0;234;416;-0.5;0.5
Tilemap_27.png;0;218;431;-0.5;0.5
Tilemap_27.png;0;217;433;-0.5;0.5
Tilemap_27.png;0;212;441;-0.5;0.5
Tilemap_27.png;0;198;453;-0.5;0.5
Tilemap_27.png;0;198;455;-0.5;0.5
Tilemap_27.png;0;179;475;-0.5;0.5
Tilemap_27.png;0;158;486;-0.5;0.5
Tilemap_27.png;0;153;495;-0.5;0.5
Tilemap_27.png;0;132;532;-0.5;0.5
Tilemap_27.png;0;132;532;-0.5;0.5
Tilemap_27.png;0;139;513;-0.5;0.5
Tilemap_27.png;0;136;513;-0.5;0.5
Tilemap_27.png;0;143;511;-0.5;0.5
Tilemap_27.png;0;149;487;-0.5;0.5
Tilemap_27.png;0;150;487;-0.5;0.5
Tilemap_27.png;0;163;476;-0.5;0.5
Tilemap_27.png;0;164;475;-0.5;0.5
Tilemap_27.png;0;173;468;-0.5;0.5
Tilemap_27.png;0;182;462;-0.5;0.5
Tilemap_27.png;0;192;455;-0.5;0.5
Tilemap_27.png;0;198;452;-0.5;0.5
Tilemap_27.png;0;211;439;-0.5;0.5
Tilemap_27.png;0;211;434;-0.5;0.5
Tilemap_27.png;0;221;417;-0.5;0.5
Tilemap_27.png;0;231;405;-0.5;0.5
Tilemap_27.png;0;247;402;-0.5;0.5
Tilemap_27.png;0;253;403;-0.5;0.5
Tilemap_27.png;0;284;413;-0.5;0.5
Tilemap_27.png;0;289;417;-0.5;0.5
Tilemap_27.png;0;312;420;-0.5;0.5
Tilemap_27.png;0;326;428;-0.5;0.5
Tilemap_27.png;0;339;427;-0.5;0.5
Tilemap_27.png;0;364;429;-0.5;0.5
Tilemap_27.png;0;377;429;-0.5;0.5
Tilemap_27.png;0;384;429;-0.5;0.5
Tilemap_27.png;0;400;432;-0.5;0.5
Tilemap_27.png;0;412;434;-0.5;0.5
Tilemap_27.png;0;420;437;-0.5;0.5
Tilemap_27.png;0;432;442;-0.5;0.5
Tilemap_27.png;0;443;445;-0.5;0.5
Tilemap_27.png;0;447;449;-0.5;0.5
Tilemap_27.png;0;452;456;-0.5;0.5
Tilemap_27.png;0;460;471;-0.5;0.5
Tilemap_27.png;0;466;477;-0.5;0.5
Tilemap_27.png;0;469;480;-0.5;0.5
Tilemap_27.png;0;474;485;-0.5;0.5
Tilemap_27.png;0;484;497;-0.5;0.5
Tilemap_27.png;0;489;501;-0.5;0.5
Tilemap_27.png;0;492;507;-0.5;0.5
Tilemap_27.png;0;494;512;-0.5;0.5
Tilemap_27.png;0;496;517;-0.5;0.5
Tilemap_27.png;0;503;525;-0.5;0.5
Tilemap_27.png;0;515;534;-0.5;0.5
Tilemap_27.png;0;521;539;-0.5;0.5
Tilemap_27.png;0;525;547;-0.5;0.5
Tilemap_27.png;0;530;557;-0.5;0.5
Tilemap_27.png;0;530;574;-0.5;0.5
Tilemap_27.png;0;526;575;-0.5;0.5
Tilemap_27.png;0;518;572;-0.5;0.5
Tilemap_27.png;0;505;569;-0.5;0.5
Tilemap_27.png;0;489;571;-0.5;0.5
Tilemap_27.png;0;465;582;-0.5;0.5
Tilemap_27.png;0;450;586;-0.5;0.5
Tilemap_27.png;0;447;586;-0.5;0.5
Tilemap_27.png;0;438;583;-0.5;0.5
Tilemap_27.png;0;425;578;-0.5;0.5
Tilemap_27.png;0;417;576;-0.5;0.5
Tilemap_27.png;0;404;569;-0.5;0.5
Tilemap_27.png;0;403;569;-0.5;0.5
Tilemap_27.png;0;376;562;-0.5;0.5
Tilemap_27.png;0;374;562;-0.5;0.5
Tilemap_27.png;0;350;569;-0.5;0.5
Tilemap_27.png;0;345;574;-0.5;0.5
Tilemap_27.png;0;344;576;-0.5;0.5
Tilemap_27.png;0;329;583;-0.5;0.5
Tilemap_27.png;0;327;584;-0.5;0.5
Tilemap_27.png;0;325;584;-0.5;0.5
Tilemap_27.png;0;299;579;-0.5;0.5
Tilemap_27.png;0;295;575;-0.5;0.5
Tilemap_27.png;0;284;566;-0.5;0.5
Tilemap_27.png;0;276;562;-0.5;0.5
Tilemap_27.png;0;247;560;-0.5;0.5
Tilemap_27.png;0;247;560;-0.5;0.5
Tilemap_27.png;0;246;560;-0.5;0.5
Tilemap_27.png;0;234;560;-0.5;0.5
Tilemap_27.png;0;230;559;-0.5;0.5
Tilemap_27.png;0;230;559;-0.5;0.5
Tilemap_27.png;0;222;559;-0.5;0.5
Tilemap_27.png;0;212;563;-0.5;0.5
Tilemap_27.png;0;210;563;-0.5;0.5
Tilemap_27.png;0;207;563;-0.5;0.5
Tilemap_27.png;0;190;567;-0.5;0.5
Tilemap_27.png;0;187;568;-0.5;0.5
Tilemap_27.png;0;168;573;-0.5;0.5
Tilemap_27.png;0;151;578;-0.5;0.5
Tilemap_27.png;0;149;577;-0.5;0.5
Tilemap_27.png;0;144;574;-0.5;0.5
Tilemap_27.png;0;129;555;-0.5;0.5
Tilemap_27.png;0;131;544;-0.5;0.5
Tilemap_27.png;0;131;551;-0.5;0.5
Tilemap_27.png;0;118;574;-0.5;0.5
Tilemap_27.png;0;128;578;-0.5;0.5
Tilemap_27.png;0;132;579;-0.5;0.5
Tilemap_27.png;0;128;574;-0.5;0.5
Tilemap_27.png;0;121;570;-0.5;0.5
Tilemap_27.png;0;120;567;-0.5;0.5
Tilemap_27.png;0;118;561;-0.5;0.5
Tilemap_27.png;0;118;542;-0.5;0.5
Tilemap_27.png;0;118;542;-0.5;0.5
Tilemap_27.png;0;171;592;-0.1;0.1
Tilemap_27.png;0;170;591;-0.1;0.1
Tilemap_27.png;0;180;593;-0.1;0.1
Tilemap_27.png;0;183;594;-0.1;0.1
Tilemap_27.png;0;185;590;-0.1;0.1
Tilemap_27.png;0;185;588;-0.1;0.1
Tilemap_27.png;0;183;588;-0.1;0.1
Tilemap_27.png;0;177;588;-0.1;0.1
Tilemap_27.png;0;170;591;-0.1;0.1
Tilemap_27.png;0;172;595;-0.1;0.1
Tilemap_27.png;0;176;595;-0.1;0.1
Tilemap_27.png;0;179;596;-0.1;0.1
Tilemap_27.png;0;178;594;-0.1;0.1
Tilemap_27.png;0;176;593;-0.1;0.1
Tilemap_27.png;0;174;593;-0.1;0.1
Tilemap_27.png;0;315;485;-1.5;1.5
Tilemap_27.png;0;373;480;-1.5;1.5
Tilemap_27.png;0;401;506;-1.5;1.5
Tilemap_27.png;0;427;532;-1.5;1.5
Tilemap_27.png;0;481;543;-0.8;0.8
Tilemap_27.png;0;337;536;-0.8;0.8
Tilemap_27.png;0;272;463;-1.4;1.4
Tilemap_27.png;0;236;486;-1.4;1.4
Tilemap_27.png;0;190;514;-1.4;1.4
Tilemap_27.png;0;280;516;-1.4;1.4
Tilemap_27.png;0;334;530;-1.4;1.4
